16
-1.8271155968145716
-46.13094 -13.34179 -17.2162 -19.14042 40.77152 187.20021 106.9638 1312.95093 622.28711 0.00265 0.00412 0 0 0 0 0 
8.08256 7.09416 9.8226 4.68783 107.34432 385.94012 1249.16235 7793.20361 31488.16797 0.20972 0.3299 0.30751 0.30751 0.18511 13.29257 5.97554 

-6.2857270023676906 -0.4554387452542076 -0.29711953766933086 0.12751434007963355 -0.10123097076014101 -1.0765417824371009 1.0381310611414927 -0.5914470763057939 0.411781583426367 -0.5957749371243793 -0.006011656804650203 -4.251886418942291 -1.9451407726665777 0.2662048918372116 -0.7839072769201187 -0.6573222360899117 
0.5450524824815659 0.004035808251804604 0.3602352298502301 0.4332793852779881 -0.13745583378034987 -0.6018437797726598 -0.47313978357064346 -1.031858315483441 -1.0978209225495175 0.8408831966517096 0.4210131087998368 -0.9941340597597028 -0.9721139696365629 -0.04697774304570167 -0.7451446640130255 -0.34045697470655134 
5.2356537393521565 0.21067721076133014 -0.03784012214678931 0.38827505097423365 -0.31023815418808076 -0.7082135215129721 -1.1312906026092762 2.7741314566665167 1.2379313824360425 0.282312642047554 0.3487505212447665 0.10578701703384058 0.593802276683798 -0.4917721412849335 0.06809853080423481 -0.4456241457416508 
0.5955498764272468 0.03456607402839901 -0.028930914065059224 -0.8490438602049553 0.9412243259216673 -0.015392002314361698 0.6278516928295017 1.173008721597017 0.6030472401023486 -1.741746872265861 -0.6310659731011495 1.3438121891412176 0.48704472204377663 -0.1437982918659211 0.9489109624928689 0.9343831480731725 
-7.164447574402742 -0.6645831920678366 -0.2282063855980709 0.15187454628976563 -0.06396784285750778 -1.2916513664878337 0.548210053152901 -0.5476380150494575 0.4907628794641195 -0.6654760890193621 0.03806772826965972 -4.566983955664559 -2.145913401146167 0.33592267264097464 -0.7846145795234603 -0.5754790208919917 
-6.568236499813953 -0.4851104370876202 -0.3502924500544843 0.12581828294900554 0.17141317352051194 -1.0139290967484065 0.8043107126098978 -1.2367694826296456 0.8912152183464797 -0.5366597064014775 -0.051277248889642385 -4.633841289375372 -2.0480923982600725 0.24147249943069962 -0.6354131128487949 -0.6017490461077629 
-1.0235011676241932 -0.9391814868206918 -2.1385379556173243 1.0592796369716944 -1.9569427787684779 0.1357241588191007 -0.2656552082337607 -1.3442763219613298 -0.23421245034379962 1.1075817539686688 -0.2555339504453892 -1.6770909722753864 -1.1888779145777437 -0.30619914608647003 -1.7780415153125873 -1.3730889631427812 
0.060512022668188205 0.4660699453495783 0.3841424819183793 0.2004259251362135 -0.5501310873928973 -0.17972462721785024 -1.2171218114492444 -1.3313366902627748 -0.7862727471983457 1.016061670031382 0.3321912285319965 -0.7804416010097561 -0.9705084846637103 0.05230599292490344 -1.1203013849176358 -0.5608117782122483 
-7.705635436491365 -0.9434287576114747 -0.2619138300126388 0.16724712340300307 0.3111124367733324 -1.4092239402439577 0.5326899296846866 -0.9523967401610296 1.0800939866975974 -0.54620834472085 7.434307326297505E-4 -5.371225984040918 -2.3795575736157057 0.3404413817789388 -0.6573818181377389 -0.6008992905172762 
-6.67035846240248 -0.3886128564325528 -0.1440838411548465 0.11864029261182787 -0.06927750867558714 -0.9180074893301045 0.2788019553928487 -1.3855009017320445 -0.06322809682276032 -0.5230956510897916 -0.026572192790141086 -3.39318369819275 -2.0335833033909334 0.3136833374613962 -0.49406826740428045 -0.536596972794555 
-6.227101089764927 -0.0102441107423129 -0.03977548282588513 0.45665894487767167 0.17467822657171114 0.8001173558308073 0.20806403572874005 -2.372941245823861 -0.9076577474006003 0.03204185302197716 -0.1576520836705758 1.3084443852453669 -1.0100405695209582 0.034498915352365954 -0.23418428042398862 -0.043108384735457736 
-3.729982524179021 -1.3518828388901867 -3.792312001967681 0.09162288046459531 -1.979245407020286 0.5943850975667346 -0.629462835848567 -2.2704161445610445 -1.5616826360631249 0.14371653522307615 0.08479921430708887 0.36452808755913596 -1.2630853120485572 0.25599126886750795 -0.8715184853555176 0.7796702858616698 
-7.230805241007297 -0.5625899020165518 -0.2474485296083624 0.1468969217645138 -0.19394647772884105 -1.2026743616260682 1.1566995347866282 -1.1148881005440792 0.5067505465332962 -0.6890834755073811 0.024476589762688572 -5.075733031873538 -2.2243987167995587 0.3017194601410303 -0.690734901721283 -0.5924453925838136 
-0.3623969166972464 -0.8878066760942857 -0.7782920715265764 -0.42482555357200796 0.11699467681172564 0.4402733258550109 1.1795657785186286 1.2476910394901268 0.9597799211593 -0.8534569985528611 -0.6548405582050048 0.9020392171217205 0.9288585870711985 0.35484973617436166 0.46173493485121914 0.9007263161004678 
-0.30503134457107656 0.5291451496175372 0.2741449841313203 0.5123200516068237 -0.256738622677674 -0.27348023019170614 -0.8112962751704562 -0.9756119762508613 -1.266728347899565 1.2744425088578082 0.7656318711823905 -0.6618490185209497 -1.4136831726552586 -0.14773289803044246 -0.38793138944357514 -0.7044767330715485 
0.9476847088619207 0.1820968090810616 1.2154438537710652 -0.6927586922210559 0.738330540274158 0.3505175880364076 0.47393801320309953 1.45953263788097 1.1794878963766717 -1.1795739584338685 -0.3147005199494817 1.451312054591062 0.9104363601407583 0.4488663254445553 0.8226121594763693 0.8868143840867853 

8.396831480812656 5.449163589048171 -7.209509591315959 -6.052650671945615 9.818155060866301 8.892410967417403 7.543353196879303 6.254201045248451 11.054985013799218 8.26805834646672 7.795813119025084 7.942532481502823 10.283099823186525 -6.1625944249759 6.0945900039704055 -6.086455958833756 
-8.323911182184114 -5.139488256228745 6.932092142201001 6.168232305728876 -9.480389976476504 -9.116960526240488 -7.133011579942835 -5.827336957825951 -11.269823630119275 -8.353790240116433 -7.86188258000389 -7.9023053043424065 -10.371586390975164 6.169723759504269 -6.645894034811107 6.551845249384438 


-0.2891318736290519
1.5370158344297062
-2.379828883652169
-1.0610305829917763
-0.20198271303767648
-0.49580062250587326
1.3510254953797634
1.4732632981384177
-0.27436107730289155
-0.7155827463220471
2.59166375547975
2.6438295717172036
-0.6066266949225253
-1.2368630531627336
1.4509123083451352
-0.940347150279722

7.513668658920614
-7.584223665090929
