16
-1.7756549038679912
-8.75758 -22.07807 -27.98372 39.92208 202.91222 131.80731 1460.90808 836.00055 0.00035 0.00012 0 0 0 
7.52229 9.78564 4.44235 158.95888 369.16296 747.01611 9415.59082 13047.52832 0.30348 0.3189 0.12563 13.41603 12.76086 

0.6048665264204058 1.8731258022402892 -0.15987474161007478 -1.850301975957663 1.2350347808770055 -0.3592462213299059 1.375494207672503 -0.27204804651816783 0.5101512442007482 -0.16023632563764978 -0.2825936347614616 0.7605195334425141 -0.6984146679490281 
-1.1214494733830158 -0.21271414362931476 -0.29815165311789055 1.205091018278069 1.7602954312812973 -0.20481952093567618 -8.599445706061791 -0.6146736045645317 0.09830548231029371 -0.004307775646233848 0.048048727793133635 -0.16647898638968223 0.6584117805296107 
-3.4746339130175503 -0.9293792068227594 -0.3331506450128312 -0.02532605891485234 -1.706450126016258 -2.339389841213357 0.7272071876337949 -1.3240319535642144 -0.9039837694502943 -1.1299443768039585 -1.3934799878688233 0.14970901406257084 -1.6776322068771974 
-1.6006292147262067 3.6264676999080225 -0.26154088328194036 -0.8842067012280973 0.9713881443235229 -0.246138872485406 -0.7207968088393147 2.1538596467852806 -0.30706209634721654 0.9122135437313118 0.4417462112568233 -1.4095253416112745 0.6708123042368148 
0.575501342580494 -0.1984945547137846 0.28415037985459624 0.6225383588632957 -1.225621800395281 -2.261120052362806 -0.05513506239209411 2.0885136228324304 0.3451264138347437 -0.21217831077548166 0.08313234827043567 3.2324856680743808 2.4622637918717323 
0.30824324508785866 1.0030266000539345 -0.021266053136807572 0.829608107949223 -0.138188068699627 -0.7819685691666176 -0.4834063953813187 0.2158588621036578 0.9355291069286186 -0.7476638116706839 -0.5891281419800898 0.6270951926971406 -0.2626466616793418 
-1.0095600993542688 1.50210253530178 0.19761977844099698 0.9761429311569709 1.4923341175351683 1.9120703013870275 0.0926348753855751 -1.8250444080068917 0.6802576170563264 0.5454337682186731 0.21939582045602013 0.4073691386598509 3.196555079833675 
-9.65701205637732 0.43768558219555365 0.11467729254312575 -0.260563542174979 1.9436516708563365 1.7423261088950772 -0.18692382941031727 -1.0163510443098966 0.26228006545468263 0.3988306569085524 5.73306307484107 0.3716044963955007 -0.10723424047426906 
0.21207297400854117 4.438112060925081 0.12683957886484745 0.9223381441494521 3.2465444288736554 0.0722442128363016 0.8175484207837783 -0.3337720090788359 -0.3638942599108189 -0.06761675812513579 0.08676003574765563 0.6568597219546689 -0.6320045124584887 
5.023273659838609 0.055211864996915626 0.00982816217977038 0.8686021179046701 3.1224280908492417 4.443107129576328 -0.5778551065511316 0.6975203391289473 0.5348899021288651 -1.1095988239845775 -0.6254744037675107 -0.7936812579421598 1.5753978747445458 
5.06145951716768 -0.05698815944094217 0.005424866841584197 -0.9971214399241203 3.991655536970364 4.684285354952508 2.236506442082552 0.4267008444085107 0.3654032046947448 0.08003628493703596 -0.9198332876207369 2.0761554688258244 2.373106824501454 
-0.9064961609899126 0.7175785406272015 0.05985163585431003 -0.007255709437026814 -2.5580203769448526 -0.566943279825731 -6.856076089633178 2.921504265706522 -0.08795098045887495 -0.7518611432961688 -0.23083928110255292 -1.1035970705036295 0.1926393819725943 
-1.6330400213584584 2.4655920263870144 -0.36654768648162284 -0.08712277179241848 6.630472358690033 3.720994548883923 1.4192399848090085 2.5821490943888037 -0.22944164120387514 0.21419985375086734 0.5729466135728817 0.5160333246705108 -0.16842898871155615 
3.916661429785326 -1.014237043652439 0.1655190532263839 -0.1947963286867044 -2.0850556463407144 0.7990205190514471 1.4075204979859008 -3.124017676858551 -0.020979929174452586 -0.48124429842892547 -2.0710962447226455 0.1259063848530606 -0.23476628756738294 
-10.127429780087676 0.42285723851497525 0.1184614257342925 -0.19885375459702492 2.0265736923659214 1.750653952983075 -0.2153405257428215 -1.0066994161208316 0.2597598182058163 0.4017933171675825 6.010239311498943 0.3119112337820532 -0.08589792004487366 
0.033977906570578545 0.17541584153577255 -0.07899215193426692 -0.100135180199238 1.6946048297040122 -1.4414333789517468 -0.9316796109391422 0.5615988457160229 1.2642120522087619 -1.3663287906060342 -0.14895890857930613 -0.9714627254310648 -1.4187618437898661 

2.327101455799801 5.017451919603061 3.5173878596520853 -2.8921135979708654 -3.737541518588947 -1.5240898647015035 3.515267747567026 9.797646888244001 3.494082246318088 -5.405784795728819 -7.160276197889035 4.863966504697248 -5.937340015956832 3.6588691155744173 10.665615495832599 -1.8349454994112107 
-2.3357859844802866 -5.017771214978765 -3.515800329554396 2.895946798379311 3.7456837905576443 1.5300818911468452 -3.5207359793434625 -10.099372207077149 -3.4912258938315563 5.4450235027223535 7.100366678846417 -4.883753791943911 5.94262710706562 -3.6628873437769407 -10.395133137492936 1.83400449662285 


-0.424411171134175
-6.021034514881979
-3.544839579360204
-2.7972641969810397
-1.9668585073851172
-1.5627899009158264
-2.519628220271667
9.309329523616988
1.4842309661633053
6.220006412258346
8.99592975285243
-5.753574786340467
7.165889682677521
-2.8169948061983514
9.756265810179366
-0.9368280810746311

3.2054328538207533
-3.170439927817458
